

Newton-Raphson:    20.000   38.203   32.992   32.769   32.768   32.768


Bisección:  Columns 1 through 8:

   40.000   30.000   30.000   35.000   35.000   32.500   32.500   33.750

 Columns 9 through 16:

   33.750   33.125   33.125   32.812   32.812   32.656   32.656   32.734

 Columns 17 through 24:

   32.734   32.773   32.773   32.754   32.754   32.764   32.764   32.769

 Columns 25 through 32:

   32.769   32.766   32.766   32.767   32.767   32.768   32.768   32.768

 Columns 33 through 40:

   32.768   32.768   32.768   32.768   32.768   32.768   32.768   32.768

 Columns 41 through 43:

   32.768   32.768   32.768


Secante:    20.000   60.000   30.273   32.510   32.776   32.768   32.768
