

Newton-Raphson:    2.0000   2.3334   2.3038   2.3036   2.3036


Bisección:  Columns 1 through 8:

   2.5000   2.2500   2.2500   2.3750   2.3750   2.3125   2.3125   2.2812

 Columns 9 through 16:

   2.2812   2.2969   2.2969   2.3047   2.3047   2.3008   2.3008   2.3027

 Columns 17 through 24:

   2.3027   2.3037   2.3037   2.3032   2.3032   2.3035   2.3035   2.3036

 Columns 25 through 32:

   2.3036   2.3036   2.3036   2.3036   2.3036   2.3036   2.3036   2.3036

 Column 33:

   2.3036


Secante:    2.0000   3.0000   2.2504   2.2947   2.3037   2.3036   2.3036
