

Newton-Raphson:    6.5000   7.3346   7.1765   7.0524   7.0151   7.0129   7.0129


Bisección:  Columns 1 through 8:

   7.0000   7.2500   7.2500   7.1250   7.1250   7.0625   7.0625   7.0312

 Columns 9 through 16:

   7.0312   7.0156   7.0156   7.0078   7.0078   7.0117   7.0117   7.0137

 Columns 17 through 24:

   7.0137   7.0127   7.0127   7.0132   7.0132   7.0129   7.0129   7.0128

 Columns 25 through 32:

   7.0128   7.0129   7.0129   7.0128   7.0128   7.0129   7.0129   7.0129

 Column 33:

   7.0129


Secante:  Columns 1 through 8:

   6.5000   7.5000   6.6114   6.6974   7.1730   6.9429   6.9969   7.0144

 Columns 9 and 10:

   7.0128   7.0129
